knots
0.3704
8.19929831160326
8.19929831160326
8.19929831160326
8.19929831160326
8.19929831160326
8.19929831160326
8.19929831160326
8.19929831160326
8.19929831160326
8.19929831160326
8.19929831160326
8.19929831160326
8.19929831160326
8.19929831160326
8.19929831160326
8.19929831160326
8.19929831160326
8.19929831160326
8.19929831160326
8.19929831160326
8.19929831160326
8.19929831160326
8.58266287257901
9.85191078085644
8.58266287257901
9.85191078085644
8.58266287257901
9.85191078085644
10.8749475175702
8.58266287257901
9.85191078085644
9.83007004185731
9.35011833753646
9.35011833753646
9.35011833753646
9.35011833753646
9.35011833753646
9.83007004185731
9.83007004185731
9.83007004185731
9.83007004185731
8.58266287257901
8.58266287257901
8.58266287257901
8.58266287257901
9.85191078085644
9.85191078085644
9.85191078085644
9.85191078085644
9.85191078085644
9.85191078085644
9.85191078085644
9.85191078085644
9.85191078085644
9.85191078085644
8.84308581711169
8.84308581711169
