knots
12.3014000288141
12.3014000288141
12.3014000288141
12.3014000288141
12.3014000288141
12.3014000288141
12.3014000288141
12.3014000288141
12.3014000288141
12.3014000288141
12.3014000288141
12.3014000288141
12.3014000288141
12.3014000288141
12.3014000288141
12.3014000288141
12.3014000288141
12.3014000288141
12.3014000288141
12.3014000288141
12.3014000288141
12.3014000288141
12.3014000288141
12.3014000288141
12.3014000288141
12.3014000288141
12.3014000288141
12.3014000288141
12.3014000288141
12.3014000288141
12.3014000288141
12.3014000288141
12.3014000288141
12.3014000288141
12.3014000288141
12.3014000288141
12.3014000288141
12.3014000288141
12.3014000288141
12.3014000288141
12.3014000288141
12.3014000288141
12.3014000288141
12.3014000288141
12.3014000288141
12.3014000288141
12.3014000288141
12.3014000288141
12.3014000288141
12.3014000288141
12.3014000288141
12.3014000288141
12.3014000288141
12.3014000288141
12.3014000288141
12.3014000288141
12.3014000288141
12.3014000288141
12.3014000288141
12.3014000288141
12.3014000288141
12.3014000288141
12.3014000288141
12.3014000288141
12.3014000288141
12.3014000288141
12.3014000288141
12.3014000288141
7.1002902975949
7.1002902975949
3.21666427252517
12.3014000288141
12.3014000288141
12.3014000288141
12.3014000288141
12.3014000288141
12.3014000288141
12.3014000288141
12.3014000288141
