knots
0.438191184867936
1.75488871610399
5.159497599005
5.159497599005
5.159497599005
7.79581058545469
9.65257745086376
9.65257745086376
9.73552693821571
9.73552693821571
9.20568600832313
9.53907583786155
9.31900426766198
9.31900426766198
7.41301487712407
7.41301487712407
4.40714983693153
0.862214739391771
0.572878781165217
0.572878781165217
0.572878781165217
0.862214739391771
0.862214739391771
1.51476508950218
1.51476508950218
1.51476508950218
1.51476508950218
4.00734393083528
4.00734393083528
4.21561639207444
4.21561639207444
5.159497599005
6.52963082067665
7.79581058545469
8.33910143176085
8.33910143176085
7.89330312798486
1.12948109416215
