knots
0.0161994251890059
0.0161994251890059
0.0161994251890059
0.0161994251890059
0.01852
0.0161994251890059
0.0161994251890059
0.0161994251890059
0.0312344774813815
0.0312344774813815
0.0519808151056668
0.0761856048534414
0.0761856048534414
0.0902743386656356
0.352438111505363
0.352438111505363
0.951423891526352
1.69142366344294
2.05811693096391
2.05811693096391
2.81091961828459
2.81091961828459
5.39419643809206
3.26100637534215
4.95340934886835
4.95340934886835
7.11835302860006
7.11835302860006
7.93048023576106
12.6189917883802
12.6189917883802
12.6189917883802
12.6189917883802
12.6189917883802
12.6189917883802
12.6189917883802
12.6189917883802
12.6189917883802
12.6189917883802
12.6189917883802
12.6189917883802
12.6189917883802
0.294609690489713
0.01852
0.01852
0.0621875802690979
0.0519808151056668
0.0519808151056668
0.0519808151056668
0.510565587247484
0.510565587247484
0.730177421025669
0.730177421025669
1.3232461040417
1.3232461040417
1.3232461040417
1.85659052824101
1.77686336102757
1.77686336102757
1.77686336102757
1.77686336102757
0.352438111505363
2.12227112595409
2.12227112595409
2.12227112595409
2.48443856760863
2.48443856760863
0.0161994251890059
0.0161994251890059
