knots
12.3014000288141
12.3014000288141
12.3014000288141
12.3014000288141
12.3014000288141
12.3014000288141
12.3014000288141
12.3014000288141
12.3014000288141
6.12101527833681
6.12101527833681
5.58401656504085
12.3014000288141
3.43972572786721
3.43972572786721
3.43972572786721
12.3014000288141
12.3014000288141
12.3014000288141
12.3014000288141
12.3014000288141
12.3014000288141
12.3014000288141
12.3014000288141
12.3014000288141
12.3014000288141
12.3014000288141
12.3014000288141
12.3014000288141
12.3014000288141
12.3014000288141
12.3014000288141
12.3014000288141
5.58401656504085
12.3014000288141
12.3014000288141
12.3014000288141
12.3014000288141
12.3014000288141
12.3014000288141
12.3014000288141
12.3014000288141
12.3014000288141
12.3014000288141
12.3014000288141
12.3014000288141
3.82373142189506
3.82373142189506
4.07921421184126
3.90134459825387
3.90134459825387
4.15579710356599
3.82373142189506
4.15579710356599
3.83001984359791
12.3014000288141
