knots
5.32120335968617
6.47421977723372
7.11852588922831
7.1002902975949
12.3014000288141
12.3014000288141
12.3014000288141
12.3014000288141
12.3014000288141
7.5136358752932
7.5136358752932
12.3014000288141
12.3014000288141
12.3014000288141
12.3014000288141
12.3014000288141
4.2508314409677
12.3014000288141
12.3014000288141
12.3014000288141
12.3014000288141
12.3014000288141
12.3014000288141
4.71527638781148
4.71527638781148
3.70545095033316
12.3014000288141
12.3014000288141
12.3014000288141
12.3014000288141
12.3014000288141
12.3014000288141
12.3014000288141
12.3014000288141
12.3014000288141
12.3014000288141
3.39902476719503
3.39902476719503
