knots
12.3014000288141
12.3014000288141
12.3014000288141
12.3014000288141
12.3014000288141
12.3014000288141
12.3014000288141
12.3014000288141
12.3014000288141
12.3014000288141
12.3014000288141
12.3014000288141
12.3014000288141
12.3014000288141
12.3014000288141
12.3014000288141
12.3014000288141
12.3014000288141
12.3014000288141
12.3014000288141
4.25135430795515
4.25135430795515
3.32298970896532
12.3014000288141
12.3014000288141
3.32298970896532
12.3014000288141
12.3014000288141
12.3014000288141
12.3014000288141
7.1002902975949
7.1002902975949
12.3014000288141
12.3014000288141
12.3014000288141
12.3014000288141
