knots
0.200473425189006
0.200473425189006
0.200473425189006
0.21847181065399
0.270820838345901
0.52969110648555
0.578655192289495
0.735567996086734
1.1328831328151
1.83054131045336
3.21043123520243
5.63442420957808
6.74803662125349
6.74803662125349
12.6189917883802
12.6189917883802
12.6189917883802
12.6189917883802
12.6189917883802
12.6189917883802
12.6189917883802
12.6189917883802
5.40684797728851
12.6189917883802
10.0106552007624
10.0106552007624
10.0106552007624
11.069787464098
9.5058731024851
10.1067890480038
11.7453485135666
11.7453485135666
3.04520323778308
3.04520323778308
1.80020125893228
1.80020125893228
1.98026048690467
1.90258087993121
2.18816365810629
0.677892516447948
0.200473425189006
