knots
0.415506931028559
0.0899839839736812
0.190389976094656
0.677511241447728
0.677511241447728
1.76516604124981
1.76516604124981
12.3014000288141
12.3014000288141
7.5136358752932
7.5136358752932
12.3014000288141
12.3014000288141
12.3014000288141
12.3014000288141
12.3014000288141
0.1852
12.3014000288141
12.3014000288141
12.3014000288141
0.1852
12.3014000288141
12.3014000288141
0.1852
0.1852
0.1852
0.213744709730586
0.213744709730586
0.213744709730586
0.1852
12.3014000288141
12.3014000288141
0.1852
0.1852
0.171423133743414
