knots
4.39059129805632
4.39059129805297
4.39059129805464
4.39059129805632
4.39059129805297
4.39059129805464
4.39059129805632
4.39059129805297
4.39059129805632
4.39059129805464
4.39059129805632
4.39059129805297
4.39059129805464
4.39059129805632
4.39059129805297
4.39059129805632
4.39059129805464
4.39059129805297
4.39059129805464
4.39059129805464
4.39059129805464
4.39059129805464
4.39059129805464
4.39059129805632
4.39059129805297
4.39059129805464
4.39059129805632
4.39059129805297
4.39059129805464
4.39059129805632
4.39059129805632
4.39059129805464
4.39059129805464
4.39059129805632
4.39059129805297
4.39059129805464
4.39059129805632
4.39059129805297
4.39059129805632
4.39059129805464
4.39059129805297
4.39059129805464
4.39059129805464
4.39059129805464
4.39059129805464
4.39059129805632
4.39059129805632
4.39059129805297
4.39059129805464
4.39059129805632
4.39059129805297
4.39059129805464
4.39059129805632
4.39059129805632
4.39059129805297
4.39059129805464
4.39059129805632
4.39059129805297
4.39059129805464
4.39059129805632
4.39059129805464
4.39059129805464
4.39059129805464
4.39059129805297
4.39059129805464
4.39059129805464
4.39059129805464
4.39059129805464
4.39059129805632
4.39059129805632
4.39059129805297
4.39059129805464
4.39059129805632
4.39059129805297
4.39059129805464
4.39059129805632
4.39059129805464
4.39059129805297
4.39059129805464
4.39059129805632
4.39059129805297
4.39059129805464
4.39059129805632
4.39059129805464
4.39059129805464
4.39059129805464
4.39059129805297
4.39059129805632
4.39059129805464
4.39059129805464
4.39059129805632
4.39059129805464
4.39059129805632
4.39059129805297
4.39059129805464
4.39059129805632
4.39059129805297
4.39059129805464
4.39059129805632
4.39059129805464
4.39059129805297
4.39059129805464
4.39059129805632
4.39059129805297
4.39059129805464
4.39059129805799
4.39059129805297
4.39059129805464
4.39059129805464
4.39059129805464
4.39059129805464
4.39059129805464
4.39059129805464
4.39059129805632
4.39059129805464
4.39059129805632
4.39059129805297
4.39059129805464
4.39059129805632
4.39059129805297
4.39059129805632
4.39059129805464
4.39059129805632
4.39059129805297
4.39059129805464
4.39059129805632
4.39059129805297
4.39059129805464
4.39059129805799
4.39059129805297
4.39059129805464
4.39059129805464
4.39059129805464
4.39059129805464
4.39059129805464
4.39059129805632
4.39059129805321
4.39059129805656
4.39059129805656
4.39059129805321
4.39059129805488
4.39059129805656
4.39059129805321
4.39059129805656
6.58588694708083
6.58588694708335
6.58588694707832
6.58588694708083
6.58588694708335
6.58588694707832
6.58588694708335
6.58588694708083
6.58588694707695
6.58588694707946
6.58588694707946
6.58588694707946
6.58588694707695
6.58588694707946
6.58588694708197
6.58588694707695
6.58588694707946
6.58588694708197
6.58588694707695
6.58588694707946
6.58588694708197
6.58588694708197
6.58588694707695
6.58588694707946
6.58588694707946
6.58588694707695
6.58588694707946
6.58588694708197
6.58588694707695
6.58588694708197
6.58588694708197
6.58588694707695
6.58588694707946
6.58588694707946
6.58588694707946
6.58588694707695
6.58588694708197
6.58588694708197
6.58588694707695
10.9277735522871
10.9282991186275
10.9288247788547
10.9293505328715
10.9298763806258
10.9304023221195
10.9309283571767
10.931454485858
10.9319807080384
10.9325070236661
10.9330334327256
10.9335599351052
10.9340865307697
10.9346132196734
10.9351400017327
10.9356668769136
10.9361938451419
10.9367209063776
10.9372480605283
10.9377753075427
10.9383026474204
10.9388300800481
10.9393576053634
10.9398852233155
10.9404129338872
10.9409407369799
10.9414686325323
10.9419966205097
10.9425247008314
10.9430528734468
10.9435811383244
10.9441094953816
6.64859199281988
6.64859199282242
6.64859199282242
6.64859199282242
6.64859199282242
6.64859199282242
6.64859199282242
6.64859199282242
6.64859199282242
10.9446379445381
10.9451664857947
10.9456951190365
10.9462238442293
10.9467526612936
10.9472815702427
10.9478105709329
10.9483396633154
10.9488688474027
10.949398123083
10.9499274902902
10.9504569489906
10.9509864991227
10.9515161406166
10.9520458734073
10.9525756974807
10.9531056127368
10.9536356191246
10.9541657165991
10.9546959050932
10.9552261845256
10.9557565548759
10.9562870160964
6.69357236566555
4.46238157710851
4.46238157710851
4.46238157710851
4.46238157710851
4.46238157710851
4.46238157711021
5.47842209655961
4.46368422569645
4.46368422569304
4.46368422569304
4.46368422569134
5.47868741890009
5.4789527865774
5.47921819955477
5.47948365779962
5.47974916132292
5.48001471003245
5.48028030394403
5.48054594302609
5.48081162721981
5.48107735651032
5.48134313089598
5.4816089503033
5.48187481474004
5.48214072415745
5.48240667852978
6.00404571514139
6.00404571514139
6.00404571513222
6.00404571514139
6.00404571514139
6.00404571513222
6.00404571514139
6.00404571514139
5.48480228615562
5.48506868850496
5.48533513547776
6.00404571514139
6.00404571514139
