knots
6.482
6.482
6.482
6.482
6.482
6.482
6.482
6.482
6.482
6.482
6.482
6.482
6.482
6.482
6.482
6.482
6.482
6.482
6.482
6.482
6.482
6.482
6.482
6.482
6.482
6.482
6.482
6.482
6.482
6.482
6.482
6.482
6.482
6.482
6.482
6.482
6.482
6.482
6.482
6.482
6.482
6.482
6.482
6.482
6.482
6.482
6.482
6.482
6.482
6.482
6.482
6.482
6.482
6.482
6.482
6.482
6.482
6.482
6.482
6.482
6.482
6.482
6.482
6.482
6.482
6.482
6.482
6.482
6.482
6.482
6.482
6.482
6.482
6.482
6.482
6.482
6.482
6.482
6.482
6.482
6.482
6.482
6.482
6.482
6.482
6.482
6.482
6.482
6.482
6.482
6.482
6.482
6.482
6.482
6.482
6.482
6.482
6.482
6.482
6.482
6.482
6.482
6.482
6.482
6.482
6.482
6.482
6.482
6.482
6.482
6.482
6.482
6.482
6.482
6.482
6.482
6.482
6.482
6.482
6.482
6.482
6.482
6.482
6.482
6.482
6.482
6.482
6.482
6.482
6.482
6.482
6.482
6.482
6.482
6.482
6.482
5.13637829738407
5.13637829738407
5.13637829738407
5.13637829738407
5.13637829738407
5.13637829738407
5.13637829738407
5.13637829738407
6.74803662125349
6.74803662125349
6.74803662125349
6.74803662125349
6.74803662125349
6.74803662125349
6.74803662125349
6.74803662125349
12.6189917883802
12.6189917883802
12.6189917883802
12.6189917883802
12.6189917883802
12.6189917883802
12.6189917883802
12.6189917883802
12.6189917883802
12.6189917883802
12.6189917883802
12.6189917883802
12.6189917883802
12.6189917883802
12.6189917883802
12.6189917883802
12.6189917883802
12.6189917883802
12.6189917883802
12.6189917883802
12.6189917883802
12.6189917883802
12.6189917883802
12.6189917883802
12.6189917883802
12.6189917883802
12.6189917883802
12.6189917883802
12.6189917883802
12.6189917883802
12.6189917883802
12.6189917883802
12.6189917883802
12.6189917883802
12.6189917883802
12.6189917883802
12.6189917883802
12.6189917883802
12.6189917883802
12.6189917883802
12.6189917883802
12.6189917883802
12.6189917883802
12.6189917883802
12.6189917883802
12.6189917883802
12.6189917883802
12.6189917883802
12.6189917883802
12.6189917883802
12.6189917883802
12.6189917883802
12.6189917883802
12.6189917883802
12.6189917883802
12.6189917883802
12.6189917883802
12.6189917883802
12.6189917883802
12.6189917883802
12.6189917883802
12.6189917883802
12.6189917883802
12.6189917883802
12.6189917883802
12.6189917883802
12.6189917883802
12.6189917883802
12.6189917883802
12.6189917883802
12.6189917883802
12.6189917883802
12.6189917883802
12.6189917883802
12.6189917883802
12.6189917883802
12.6189917883802
12.6189917883802
12.6189917883802
12.6189917883802
12.6189917883802
12.6189917883802
12.6189917883802
12.6189917883802
12.6189917883802
12.6189917883802
12.6189917883802
12.6189917883802
12.6189917883802
12.6189917883802
12.6189917883802
12.6189917883802
12.6189917883802
12.6189917883802
12.6189917883802
12.6189917883802
6.482
6.482
6.482
6.482
6.482
6.482
6.482
6.482
6.482
6.482
6.482
6.482
6.482
6.482
6.482
6.482
6.482
6.482
6.482
6.482
6.482
6.482
6.482
6.482
6.482
6.482
6.482
6.482
6.482
6.482
6.482
6.482
6.482
6.482
6.482
6.482
6.482
6.482
6.482
6.482
